1300002858
1300002966
1300003137
1300003355
1300003414
1300004215
1300004263
1300004337
1300004527
1300004590
1300004611
1300004801
1300004802
1300004884
1300004976
1300004985
1300005004
1300005079
1300005119
1300005151
1300005280
1300005316
1300005387
1300006112
1300006783
1300006807
1300006904
1300006931
1300006965
1300007116
1300007143
1300007154
1300007184
1300007193
1300007208
1300007316
1300007321
1300007391
1300007452
1300007539
1300007571
1300007625
1300007736
1300007738
1300007768
1300007835
1300007909
1300007960
1300008342
1300008356
1300008571
1300008690
1300008878
1300008915
1300008923
1300009118
1300009154
1300009199
1300009219
1300009258
1300009272
1300009329
1300009374
1300009378
1300009518
1300010881
1300011018
1300011086
1300011145
1300011157
1300011318
1300011350
1300011435
1300011658
1300012326
1300012449
1300014490
1300014491
1300014557
1300014575
1300014605
1300014629
1300014676
1300014686
1300014763
1300014796
1300014806
1300014933
1300014991
1300015039
1300015078
1300015278
1300015336
1300015362
1300015478
1300015500
1300015546
1300015588
1300015599
1300015670
1300015682
1300015696
1300015716
1300015752
1300015757
1300015804
1300015845
1300015967
1300016000
1300016011
1300016064
1300016226
1300016364
1300016432
1300016436
1300016463
1300016494
1300016684
1300016713
1300016737
1300016861
1300016862
1300016923
1300017067
1300017074
1300017281
1300017301
1300017324
1300017441
1300017461
1300017512
1300017514
1300017612
1300017663
1300017767
1300017773
1300017855
1300017916
1300017966
1300018120
1300018174
1300018181
1300018238
1300018321
1300018327
1300018361
1300018365
1300018407
1300018418
1300018444
1300018506
1300018556
1300018634
1300018741
1300018808
1300018903
1300018939
1300018945
1300019118
1300019166
1300019195
1300019239
1300019259
1300019375
1300021358
1300021448
1300021477
1300021482
1300021501
1300021732
1300021838
1300022101
1300022152
1300022160
1300022202
1300022213
1300022317
1300022327
1300022358
1300022561
1300022577
1300022893
1300022951
1300022982
1300022983
1300023999
1300024292
1300024294
1300024300
1300024347
1300024349
1300024494
1300024568
1300024575
1300024577
1300025930
1300025984
1300025986
1300026096
1300026205
1300026223
1300026357
1300026435
1300026467
1300026494
1300026641
1300026651
1300026695
1300026744
1300026755
1300026794
1300026803
1300026852
1300026964
1300026971
1300027047
1300027107
1300027126
1300027251
1300027367
1300027377
1300027445
1300027485
1300027487
1300027567
1300027587
1300027616
1300027656
1300027670
1300027740
1300027790
1300027829
1300027839
1300027865
1300027884
1300027902
1300027912
1300027960
1300027991
1300028030
1300028054
1300028056
1300028154
1300028215
1300028222
1300028335
1300028338
1300028364
1300028419
1300028421
1300028482
1300028492
1300028848
1300028902
1300028915
1300028960
1300029500
1300029520
1300029541
1300029611
1300029626
1300029644
1300029645
1300029702
1300029739
1300029761
1300029876
1300029890
1300030008
1300030020
1300030248
1300030375
1300030510
1300030883
1300031799
1300037549
1300038760
1300039221
1300040682
1300041677
1300046395
1300049357
1300049863
1300049891
1300050209
1300050220
1300050883
1300050900
1300051663
1300051740
1300051746
1300051867
1300051920
1300051925
1300051939
1300051966
1300052079
1300052181
1300052328
1300054216
1300054384
1300055403
1300055449
1300055539
1300055661
1300055695
1300055766
1300055840
1300055988
1300056975
1300057063
1300057720
1300057758
1300058006
1300058055
1300058067
1300058163
1300058258
1300058269
1300058321
1300058340
1300058446
1300058543
1300058621
1300058662
1300058683
1300058690
1300059158
1300059610
1300059646
1300059771
1300059791
1300059896
1300060150
1300060153
1300060809
1300060868
1300062993
1300063191
1300063210
1300063256
1300063329
1300063372
1300063410
1300063556
1300063655
1300063791
1300063991
1300064141
1300065041
1300065283
1300065413
1300065738
1300065747
1300066342
1300066577
1300066657
1300067369
1300067373
1300067451
1300067502
1300067511
1300067676
1300067789
1300068266
1300068679
1300089526
1300089640
1300089641
1300089961
1300090273
1300090315
1300090362
1300090389
1300090470
1300090512
1300090623
1300090824
1300090834
1300091207
1300091211
1300091249
1300091277
1300091458
1300091507
1300091746
1300091825
1300091979
1300092043
1300092054
1300092110
1300092132
1300092208
1300092268
1300092281
1300092344
1300092430
1300093629
1300093642
1300093794
1300093842
1300093856
1300094072
1300094091
1300094777
1300094890
1300094980
1300095005
1300095064
1300095067
1300095094
1300095118
1300095239
1300095260
1300095679
1300095718
1300095748
1300095757
1300095829
1300095898
1300096071
1300096086
1300096135
1300096223
1300096304
1300096494
1300096498
1300096642
1300096716
1300096738
1300096772
1300096830
1300096831
1300096866
1300096883
1300096993
1300097029
1300097081
1300097134
1300097174
1300097175
1300097198
1300097228
1300097236
1300097273
1300097322
1300097349
1300097499
1300097529
1300098000
1300098179
1300098267
1300098270
1300098539
1300098548
1300098550
1300098585
1300098664
1300098720
1300098799
1300098813
1300098959
1300098964
1300099040
1300099144
1300099184
1300099185
1300099187
1300099189
1300099383
1300099384
1300099404
1300099405
1300099484
1300101060
1300101104
1300101170
1300101252
1300101309
1300101316
1300101328
1300101456
1300101594
1300101598
1300101726
1300101816
1300101853
1300101901
1300101955
1300101959
1300101969
1300102014
1300102084
1300102146
1300102153
1300102157
1300102186
1300102224
1300102230
1300102326
1300102375
1300102383
1300102403
1300102830
1300102902
1300102972
1300102999
1300103023
1300103090
1300103128
1300103232
1300103270
1300103325
1300103354
1300103415
1300103462
1300103626
1300103663
1300103703
1300103704
1300103771
1300104213
1300104253
1300104414
1300104523
1300104558
1300104573
1300104659
1300105135
1300105229
1300105241
1300105248
1300105251
1300105664
1300105679
1300105682
1300105990
1300106083
1300106120
1300106122
1300106127
1300106158
1300106198
1300106212
1300106228
1300106270
1300106287
1300106337
1300106362
1300106403
1300106548
1300106554
1300106584
1300106597
1300106707
1300106738
1300106799
1300106836
1300106867
1300106900
1300106915
1300107021
1300107035
1300107214
1300107229
1300107250
1300107293
1300132137
1300139226
1300141441
1300142402
1300145586
1300146130
1300146403
1300146492
1300146877
1300147447
1300148644
1300149371
1300149937
1300150442
1300155253
1300155368
1300155402
1300155441
1300155490
1300155923
1300156433
1300157050
1300157078
1300157109
1300157321
1300157348
1300157555
1300157623
1300157769
1300157861
1300158035
1300158116
1300158950
1300159122
1300159131
1300159218
1300159365
1300159515
1300159579
1300159654
1300159833
1300160256
1300160651
1300160720
1300161146
1300161192
1300161203
1300161235
1300161244
1300161406
1300161702
1300161729
1300161765
1300161769
1300161926
1300162061
1300162165
1300162168
1300162221
1300163351
1300164101
1300164282
1300164307
1300164335
1300164363
1300164373
1300164392
1300164431
1300164616
1300164677
1300164886
1300164917
1300164946
1300164991
1300165045
1300165053
1300165341
1300165443
1300165792
1300165888
1300167836
1300167852
1300167857
1300167864
1300167967
1300168481
1300168519
1300168749
1300169264
1300169310
1300169441
1300169658
1300169667
1300169678
1300169710
1300169726
1300169729
1300169748
1300169775
1300169907
1300170037
1300170571
1300170718
1300170884
1300170916
1300171030
1300171223
1300171389
1300171461
1300171627
1300173258
1300173484
1300173536
1300173604
1300173822
1300173857
1300173884
1300174140
1300174158
1300174546
1300174647
1300175193
1300175292
1300175469
1300175471
1300175756
1300176005
1300176374
1300176386
1300176408
1300176455
1300176534
1300176989
1300177063
1300177090
1300177155
1300177164
1300177199
1300177236
1300177319
1300177402
1300177415
1300177429
1300177477
1300177531
1300177541
1300177556
1300177576
1300177611
1300177619
1300177648
1300177654
1300177676
1300177687
1300177718
1300177761
1300177766
1300177786
1300177863
1300190034
1300190058
1300190125
1300190267
1300190293
1300190533
1300190607
1300190625
1300190702
1300190888
1300191034
1300191075
1300191252
1300191273
1300191392
1300191593
1300191614
1300191640
1300191705
1300191758
1300191765
1300191788
1300191887
1300191893
1300191939
1300191952
1300192139
1300192147
1300192153
1300192285
1300192292
1300192534
1300192720
1300192758
1300192814
1300192833
1300192881
1300192932
1300192983
1300192995
1300193036
1300193051
1300193090
1300193168
1300193587
1300193771
1300193860
1300194000
1300194165
1300194232
1300194267
1300194275
1300194320
1300195175
1300195336
1300195339
1300195600
1300195674
1300196003
1300196050
1300196084
1300196113
1300196144
1300196243
1300196337
1300196346
1300196395
1300196417
1300196491
1300196595
1300196638
1300196755
1300201637
1300201729
1300201740
1300201954
1300201973
1300202020
1300202112
1300202232
1300202279
1300202292
1300202359
1300202396
1300202518
1300202571
1300202582
1300202628
1300202688
1300202775
1300202799
1300202816
1300202856
1300202885
1300202903
1300202915
1300202930
1300202948
1300203106
1300203226
1300203230
1300203271
1300203280
1300203288
1300203304
1300203341
1300203348
1300203427
1300203703
1300203714
1300203782
1300203872
1300204006
1300204042
1300204098
1300204104
1300204177
1300204223
1300204233
1300204260
1300204280
1300204314
1300204476
1300204628
1300204688
1300204693
1300204760
1300204794
1300204802
1300204858
1300204933
1300204952
1300204993
1300205010
1300205042
1300205050
1300205124
1300205152
1300205154
1300205223
1300205309
1300205333
1300205374
1300205401
1300205439
1300205443
1300205444
1300208004
1300208153
1300208341
1300208479
1300208543
1300208563
1300208570
1300208860
1300208861
1300209013
1300209017
1300209040
1300209096
1300209216
1300209272
1300209278
1300209309
1300209387
1300209398
1300209432
1300209450
1300209659
1300209729
1300209765
1300209819
1300209829
1300209982
1300210017
1300210027
1300210054
1300210090
1300210281
1300210441
1300210539
1300210555
1300210596
1300210662
1300210678
1300210724
1300210773
1300210837
1300210997
1300211077
1300211148
1300211155
1300211216
1300211223
1300211273
1300211333
1300211388
1300211459
1300211580
1300211583
1300211591
1300211624
1300211845
1300211849
1300211890
1300212012
1300212120
1300212200
1300212323
1300212354
1300212357
1300212523
1300212582
1300212591
1300212594
1300212686
1300212713
1300212720
1300212765
1300212768
1300212882
1300212926
1300212985
1300212990
1300213041
1300213062
1300213103
1300213114
1300213124
1300213126
1300213141
1300213146
1300213152
1300213179
1300213204
1300213216
1300213222
1300213237
1300213273
1300213342
1300213482
1300213663
1300213688
1300213737
1300213784
1300213858
1300213952
1300214070
1300214083
1300214189
1300214222
1300215010
1300215859
1300215861
1300216289
1300217138
1300218728
1300218774
1300218779
1300218929
1300219098
1300219211
1300220605
1300220731
1300220878
1300221351
1300221807
1300221834
1300222526
1300222570
1300222897
1300223159
1300224676
1300224969